====================================================================================================
First 100 events: 1-D reweighting using pt_gggg_vec
====================================================================================================

   Row |           Event ID |     Data pt_gggg_vec |      Mix pt_gggg_vec |         Weight
----------------------------------------------------------------------------------------------------
     0 |       1732883143.0 |            49.188897 |            65.301212 |       0.030689
     1 |       1732883143.0 |            49.188897 |           106.854789 |       0.021375
     2 |       1732883143.0 |            49.188897 |            49.565844 |       0.068228
     3 |       1732883143.0 |            49.188897 |            91.258033 |       0.021799
     4 |       1732883143.0 |            49.188897 |             4.674797 |       0.139459
     5 |       1732883143.0 |            49.188897 |            55.160193 |       0.049721
     6 |       1732883143.0 |            49.188897 |             8.194390 |       0.139459
     7 |       1732883143.0 |            49.188897 |            10.853399 |       0.145120
     8 |       1732883143.0 |            49.188897 |            29.758195 |       0.116227
     9 |       1732883143.0 |            49.188897 |            12.268339 |       0.145120
    10 |       1732883143.0 |            49.188897 |            44.955436 |       0.068228
    11 |       1732883143.0 |            49.188897 |            23.399527 |       0.116227
    12 |       1732883143.0 |            49.188897 |            20.165327 |       0.116227
    13 |       2362342729.0 |            41.129382 |            39.676020 |       0.085781
    14 |       2362342729.0 |            41.129382 |            12.155746 |       0.145120
    15 |       2362342729.0 |            41.129382 |            83.797072 |       0.021799
    16 |       2362342729.0 |            41.129382 |            43.495017 |       0.068228
    17 |       2362342729.0 |            41.129382 |            78.698560 |       0.030689
    18 |       2362342729.0 |            41.129382 |            87.595742 |       0.021799
    19 |       2362342729.0 |            41.129382 |            58.618587 |       0.049721
    20 |       2362342729.0 |            41.129382 |            93.423342 |       0.021799
    21 |       2362342729.0 |            41.129382 |           129.868490 |       0.030386
    22 |       2362342729.0 |            41.129382 |            72.124372 |       0.030689
    23 |       2362342729.0 |            41.129382 |            82.664588 |       0.021799
    24 |       2362342729.0 |            41.129382 |            46.593678 |       0.068228
    25 |       2362342729.0 |            41.129382 |           130.876793 |       0.030386
    26 |       2362342729.0 |            41.129382 |            43.970138 |       0.068228
    27 |       2828844784.0 |            48.516470 |            81.594721 |       0.021799
    28 |       2828844784.0 |            48.516470 |            39.106732 |       0.085781
    29 |       2828844784.0 |            48.516470 |            39.522947 |       0.085781
    30 |       2828844784.0 |            48.516470 |            35.258358 |       0.085781
    31 |       2828844784.0 |            48.516470 |            26.719252 |       0.116227
    32 |       2828844784.0 |            48.516470 |            31.617336 |       0.085781
    33 |       2828844784.0 |            48.516470 |            29.968412 |       0.116227
    34 |       2828844784.0 |            48.516470 |            57.303662 |       0.049721
    35 |       2828844784.0 |            48.516470 |            18.682869 |       0.145120
    36 |       2828844784.0 |            48.516470 |            16.526085 |       0.145120
    37 |       2828844784.0 |            48.516470 |            47.340562 |       0.068228
    38 |       2828844784.0 |            48.516470 |           158.131834 |       0.030386
    39 |       2828844784.0 |            48.516470 |            50.678552 |       0.049721
    40 |       2828844784.0 |            48.516470 |             9.873142 |       0.139459
    41 |       2865531336.0 |            98.834122 |            18.477616 |       0.145120
    42 |       2865531336.0 |            98.834122 |            70.720894 |       0.030689
    43 |       2865531336.0 |            98.834122 |            23.845621 |       0.116227
    44 |       2865531336.0 |            98.834122 |            30.697834 |       0.085781
    45 |       2865531336.0 |            98.834122 |            44.367128 |       0.068228
    46 |       2865531336.0 |            98.834122 |            29.882830 |       0.116227
    47 |       2865531336.0 |            98.834122 |            49.888942 |       0.068228
    48 |       2865531336.0 |            98.834122 |            42.506511 |       0.068228
    49 |       2865531336.0 |            98.834122 |            40.409241 |       0.068228
    50 |       2865531336.0 |            98.834122 |            49.580459 |       0.068228
    51 |       2865531336.0 |            98.834122 |           111.615603 |       0.021375
    52 |       2865531336.0 |            98.834122 |            51.707059 |       0.049721
    53 |       2865531336.0 |            98.834122 |            52.197648 |       0.049721
    54 |       2865531336.0 |            98.834122 |            22.848887 |       0.116227
    55 |       2926440564.0 |            12.358322 |            26.766133 |       0.116227
    56 |       2926440564.0 |            12.358322 |            47.305599 |       0.068228
    57 |       2926440564.0 |            12.358322 |            43.074778 |       0.068228
    58 |       2926440564.0 |            12.358322 |            33.726442 |       0.085781
    59 |       2926440564.0 |            12.358322 |            47.486352 |       0.068228
    60 |       2926440564.0 |            12.358322 |            76.682990 |       0.030689
    61 |       2926440564.0 |            12.358322 |            28.433467 |       0.116227
    62 |       2926440564.0 |            12.358322 |            32.671017 |       0.085781
    63 |       2926440564.0 |            12.358322 |            45.876680 |       0.068228
    64 |       2926440564.0 |            12.358322 |           162.925726 |       0.020496
    65 |       2926440564.0 |            12.358322 |            48.539506 |       0.068228
    66 |       2926440564.0 |            12.358322 |            18.970219 |       0.145120
    67 |       2926440564.0 |            12.358322 |            65.810960 |       0.030689
    68 |        149391427.0 |            76.647893 |            47.641692 |       0.068228
    69 |        149391427.0 |            76.647893 |            46.446522 |       0.068228
    70 |        149391427.0 |            76.647893 |            69.743909 |       0.030689
    71 |        149391427.0 |            76.647893 |            42.012602 |       0.068228
    72 |        149391427.0 |            76.647893 |            35.429324 |       0.085781
    73 |        149391427.0 |            76.647893 |            63.178174 |       0.049721
    74 |        149391427.0 |            76.647893 |            56.757206 |       0.049721
    75 |        149391427.0 |            76.647893 |            77.717238 |       0.030689
    76 |        149391427.0 |            76.647893 |           126.383926 |       0.030386
    77 |        149391427.0 |            76.647893 |            80.138001 |       0.021799
    78 |        149391427.0 |            76.647893 |            70.681802 |       0.030689
    79 |        149391427.0 |            76.647893 |            51.844079 |       0.049721
    80 |        149391427.0 |            76.647893 |           132.305209 |       0.030386
    81 |        149391427.0 |            76.647893 |           100.882512 |       0.021375
    82 |        487289605.0 |            18.454015 |            28.177986 |       0.116227
    83 |        487289605.0 |            18.454015 |            27.160306 |       0.116227
    84 |        487289605.0 |            18.454015 |            32.325286 |       0.085781
    85 |        487289605.0 |            18.454015 |            62.161970 |       0.049721
    86 |        487289605.0 |            18.454015 |            16.163068 |       0.145120
    87 |        487289605.0 |            18.454015 |            17.682807 |       0.145120
    88 |        487289605.0 |            18.454015 |            42.436478 |       0.068228
    89 |        487289605.0 |            18.454015 |           155.278129 |       0.030386
    90 |        487289605.0 |            18.454015 |            45.687073 |       0.068228
    91 |        487289605.0 |            18.454015 |             5.795387 |       0.139459
    92 |        487289605.0 |            18.454015 |            55.458755 |       0.049721
    93 |        487289605.0 |            18.454015 |            61.757805 |       0.049721
    94 |        487289605.0 |            18.454015 |            60.636423 |       0.049721
    95 |        679851819.0 |           100.953445 |            73.169980 |       0.030689
    96 |        679851819.0 |           100.953445 |           107.676481 |       0.021375
    97 |        679851819.0 |           100.953445 |            49.887020 |       0.068228
    98 |        679851819.0 |           100.953445 |            59.290972 |       0.049721
    99 |        679851819.0 |           100.953445 |            40.811350 |       0.068228
====================================================================================================
Summary----------------------------------------------------------------------------------------------------
Data weight: 1 (implicit)
Event Mix weight: pT_gggg_1d_weight
The weight does NOT modify pt_gggg_vec itself.
The weight modifies the contribution of the event to the histogram.
====================================================================================================
